# Created by Octave 10.2.0, Mon Sep 22 19:56:48 2025 +05 <arharim@DM>
# name: bias_x
# type: scalar
-0.99824624861774558


# name: bias_y
# type: scalar
0.0017708691675937006


# name: bias_z
# type: scalar
-0.0036487744833678531


# name: scale_x
# type: scalar
-17.099880202015836


# name: scale_y
# type: scalar
-190.54784499050845


# name: scale_z
# type: scalar
1119.2631633217925


